-------------------------------------------------------------------------------------------------------------------------------------------------------------------------------------------------------
      name:  <unnamed>
       log:  H:\Blackout Survey.log
  log type:  text
 opened on:  16 Nov 2013, 17:35:56

. reg Drinking year1 year2 year3 sex2 Party Blackout, robust

Linear regression                                      Number of obs =     321
                                                       F(  6,   314) =    5.61
                                                       Prob > F      =  0.0000
                                                       R-squared     =  0.0974
                                                       Root MSE      =   1.153

------------------------------------------------------------------------------
             |               Robust
    Drinking |      Coef.   Std. Err.      t    P>|t|     [95% Conf. Interval]
-------------+----------------------------------------------------------------
       year1 |   .3122516   .1742474     1.79   0.074    -.0305884    .6550917
       year2 |   .3737629   .1736401     2.15   0.032     .0321177    .7154081
       year3 |     .19845   .1778445     1.12   0.265    -.1514676    .5483676
        sex2 |  -.2885782   .1417061    -2.04   0.043    -.5673917   -.0097648
       Party |    .063342   .1311905     0.48   0.630    -.1947815    .3214655
    Blackout |  -1.089735   .2566848    -4.25   0.000    -1.594774   -.5846952
       _cons |   4.936541   .5351394     9.22   0.000     3.883629    5.989454
------------------------------------------------------------------------------

. reg Drinking year1 year2 year3 sex2 Blackout Party, robust

Linear regression                                      Number of obs =     321
                                                       F(  6,   314) =    5.61
                                                       Prob > F      =  0.0000
                                                       R-squared     =  0.0974
                                                       Root MSE      =   1.153

------------------------------------------------------------------------------
             |               Robust
    Drinking |      Coef.   Std. Err.      t    P>|t|     [95% Conf. Interval]
-------------+----------------------------------------------------------------
       year1 |   .3122516   .1742474     1.79   0.074    -.0305884    .6550917
       year2 |   .3737629   .1736401     2.15   0.032     .0321177    .7154081
       year3 |     .19845   .1778445     1.12   0.265    -.1514676    .5483676
        sex2 |  -.2885782   .1417061    -2.04   0.043    -.5673917   -.0097648
    Blackout |  -1.089735   .2566848    -4.25   0.000    -1.594774   -.5846952
       Party |    .063342   .1311905     0.48   0.630    -.1947815    .3214655
       _cons |   4.936541   .5351394     9.22   0.000     3.883629    5.989454
------------------------------------------------------------------------------

. reg AB year1 year2 year3 sex2, robust

Linear regression                                      Number of obs =     321
                                                       F(  4,   316) =    1.41
                                                       Prob > F      =  0.2288
                                                       R-squared     =  0.0195
                                                       Root MSE      =  .33313

------------------------------------------------------------------------------
             |               Robust
          AB |      Coef.   Std. Err.      t    P>|t|     [95% Conf. Interval]
-------------+----------------------------------------------------------------
       year1 |   .0745366   .0531888     1.40   0.162    -.0301124    .1791856
       year2 |    .116093   .0500183     2.32   0.021     .0176821     .214504
       year3 |   .0874122   .0545211     1.60   0.110    -.0198581    .1946825
        sex2 |  -.0188575    .036963    -0.51   0.610    -.0915823    .0538673
       _cons |    .820462   .0447594    18.33   0.000      .732398     .908526
------------------------------------------------------------------------------

. reg Drinking year1 year2 year3 sex2, robust

Linear regression                                      Number of obs =     321
                                                       F(  4,   316) =    3.33
                                                       Prob > F      =  0.0108
                                                       R-squared     =  0.0464
                                                       Root MSE      =  1.1814

------------------------------------------------------------------------------
             |               Robust
    Drinking |      Coef.   Std. Err.      t    P>|t|     [95% Conf. Interval]
-------------+----------------------------------------------------------------
       year1 |   .3532585   .1790879     1.97   0.049     .0009032    .7056138
       year2 |   .4690679   .1744512     2.69   0.008     .1258352    .8123006
       year3 |    .284512   .1827086     1.56   0.120    -.0749672    .6439911
        sex2 |  -.3446609    .141422    -2.44   0.015    -.6229085   -.0664132
       _cons |   2.913161   .1451935    20.06   0.000     2.627493    3.198829
------------------------------------------------------------------------------

. log close
      name:  <unnamed>
       log:  H:\Blackout Survey.log
  log type:  text
 closed on:  16 Nov 2013, 17:35:57
-------------------------------------------------------------------------------------------------------------------------------------------------------------------------------------------------------
